词数量: 7
向量维度: 256
============================================================

词: 自然语言
向量: [0.11078742146492004, 0.5109490156173706, -0.23435968160629272, -0.21777383983135223, -0.5452260971069336, -0.3145879805088043, -0.016402602195739746, -0.33756381273269653, 0.431173175573349, 0.9902297854423523, 0.13128411769866943, 0.16593296825885773, 0.2517167329788208, -0.7704486846923828, -0.012277930974960327, 0.20960992574691772, 0.7851352095603943, -0.7177104949951172, 0.30156946182250977, 0.10141699016094208, -0.11195285618305206, -0.3089999556541443, 0.3378506004810333, 0.38754892349243164, 0.8252573609352112, -0.6597192287445068, -0.5347113609313965, -0.21987618505954742, -0.6163226366043091, -0.20438852906227112, -0.19435694813728333, -0.3176414668560028, 0.4478645920753479, -0.20831957459449768, 0.23576778173446655, -0.3193150758743286, 1.8555388450622559, -1.0773942470550537, -0.43703755736351013, 0.09816610813140869, 0.48053818941116333, -0.5090956687927246, -0.16427534818649292, -0.28728586435317993, -0.019681211560964584, -0.13702593743801117, 0.296408087015152, 0.16763609647750854, 0.3133143186569214, -0.784325361251831, 0.7362546920776367, 0.24330589175224304, 0.6600146889686584, -0.37891674041748047, -0.5764201283454895, 0.49887996912002563, 0.14006701111793518, -0.18210285902023315, -0.522445559501648, 0.2926972508430481, -0.1647948920726776, 0.007272776216268539, -0.3860951066017151, -0.2569047510623932, 0.06980679929256439, 0.5804404616355896, 0.4071192145347595, -0.11459937691688538, -0.3437119722366333, -0.04449893534183502, -0.1909027397632599, 0.6197266578674316, 0.1686873435974121, 0.03392215818166733, 0.09142614901065826, -0.0065687596797943115, -0.8268880248069763, 0.016763079911470413, 0.20738685131072998, -0.9909402132034302, 0.1700497716665268, -1.1426266431808472, 0.29697611927986145, -0.033652327954769135, -0.16180720925331116, -0.08069798350334167, -0.24301005899906158, -0.7202908992767334, 0.4310689866542816, -0.5898898839950562, 0.1797102391719818, -0.552756667137146, -0.13628800213336945, -0.128165602684021, 0.02037137746810913, 0.18544888496398926, 0.43320727348327637, -0.5886265635490417, 0.6923744678497314, -0.2806779742240906, 0.7137670516967773, 0.39698225259780884, 0.5914583802223206, 0.038982778787612915, 0.054828204214572906, 0.7230042815208435, -0.5402847528457642, -0.4166639447212219, -0.03326220065355301, -0.29644080996513367, -0.5593096613883972, 0.3293188214302063, 0.005482054315507412, -0.46475011110305786, 0.4833608865737915, 0.07395319640636444, -0.3068526089191437, -0.29051369428634644, 0.3287407457828522, -0.4667091965675354, -0.31149429082870483, -0.02727276086807251, 0.36723238229751587, 0.06460803747177124, -1.2466191053390503, 0.024298906326293945, -0.28053659200668335, 0.6963344812393188, -0.2825189232826233, 0.010668322443962097, -0.8283132314682007, 0.18831515312194824, -0.20506331324577332, 0.385837584733963, -0.3296104669570923, -0.022302981466054916, 0.1173589825630188, 0.2848767340183258, 0.3669604957103729, 0.10683141648769379, 0.970975399017334, -0.5935076475143433, 0.34354332089424133, 0.7274363040924072, 0.4486910104751587, -0.4567854404449463, -0.12863308191299438, 0.9660114645957947, -0.535347580909729, -0.250731885433197, 0.7570544481277466, 0.5782950520515442, 0.45847469568252563, -0.6372413635253906, -0.2131427824497223, 0.01388096809387207, -0.38264667987823486, -0.1832483857870102, 0.5429370403289795, -0.11709222197532654, 0.44366613030433655, -0.14786085486412048, 0.07549832761287689, -0.6090984344482422, 0.6449998617172241, -1.4508099555969238, -0.5755411982536316, 0.4196741282939911, 1.154354214668274, -0.8140889406204224, -0.7078624963760376, -0.15606606006622314, 0.4373960494995117, -0.044537946581840515, -0.4281671345233917, 0.23481345176696777, -0.6405932903289795, -1.0952237844467163, -0.252788245677948, -0.13545984029769897, 0.8535479307174683, -0.7238808274269104, 0.5620104670524597, -0.6531416177749634, 0.13341082632541656, -0.43114933371543884, 0.49872830510139465, 0.5509684085845947, -0.5701059103012085, 0.700075089931488, 0.2047445923089981, 0.19201867282390594, 0.4844104051589966, 0.2763194143772125, -0.35970383882522583, 0.3860660195350647, 0.07258032262325287, -0.30253851413726807, 0.45832741260528564, 0.2990068197250366, 0.09282121062278748, -0.013153649866580963, 0.6140159964561462, 0.3797449469566345, -0.9130839109420776, -0.19839005172252655, -0.04758411645889282, -1.0634362697601318, 0.12259488552808762, -0.6949364542961121, -0.02428147941827774, 0.22092673182487488, -0.29040420055389404, -0.5286229252815247, 0.03411450982093811, 0.10263853520154953, 0.3658442199230194, -1.3004322052001953, -0.15334714949131012, -0.21348047256469727, -0.18862216174602509, -0.19335132837295532, -0.18004022538661957, 0.22054420411586761, 0.9816073179244995, -0.0946444571018219, 0.6527983546257019, 0.5308598875999451, 0.9162037372589111, -0.15998369455337524, -0.10344217717647552, -0.1543271392583847, -0.47259438037872314, 0.3602505326271057, 0.33838221430778503, -0.0855913758277893, -0.11381153762340546, -0.18072187900543213, -0.6575798392295837, 0.4899660646915436, 0.46066224575042725, -0.5445177555084229, 0.4723086357116699, 0.6650737524032593, -0.20824459195137024, -0.7880019545555115, 0.30268266797065735, -0.4055059552192688, -0.15708225965499878, -0.5287191867828369, 0.309685617685318, -1.063001036643982, -0.7381986379623413, 0.3163776993751526, -0.5591533184051514, 0.12240426242351532]

词: 处理
向量: [0.15919065475463867, 0.6393368244171143, -0.17550399899482727, -0.1656716763973236, -0.35020387172698975, 0.25390520691871643, 0.3875959813594818, -0.10699203610420227, 0.4634284973144531, 0.6766979694366455, -0.2610987424850464, 0.01928374171257019, 0.14447122812271118, -0.6960423588752747, 0.26622986793518066, 0.26618489623069763, 0.5774056911468506, -0.6412732005119324, 0.456687331199646, 0.11649926006793976, -0.3225630819797516, -0.09825281798839569, 0.4464101791381836, 0.5409426689147949, 0.20096740126609802, -0.5850410461425781, -0.3628790080547333, -0.035056889057159424, -0.4487070143222809, -0.11074423789978027, 0.08268428593873978, -0.43022868037223816, 0.03176708519458771, -0.37922972440719604, 0.1612081229686737, 0.05756103992462158, 1.086450219154358, -0.4811171293258667, -0.16348296403884888, 0.28905659914016724, 0.41860300302505493, -0.50826096534729, -0.23603853583335876, -0.14935511350631714, 0.14409807324409485, 0.013583164662122726, -0.024079643189907074, -0.17988842725753784, 0.027124224230647087, -0.5488220453262329, 0.3706728219985962, 0.417595773935318, 0.1507141888141632, -0.21594281494617462, -0.6235283017158508, 0.7793670892715454, 0.3278706967830658, 0.06370007991790771, -0.5553020238876343, 0.1005924791097641, -0.08148092031478882, 0.22778356075286865, -0.1455007791519165, -0.3600562512874603, 0.02979663759469986, 0.7316844463348389, 0.49240317940711975, -0.020303823053836823, -0.23571792244911194, -0.3515819311141968, 0.007217705249786377, 0.2911908030509949, 0.13208399713039398, 0.15552455186843872, -0.015969019383192062, 0.3015991151332855, -0.718218207359314, 0.22314932942390442, 0.3931102752685547, -1.3147519826889038, 0.2198752611875534, -1.1686137914657593, 0.16974931955337524, 0.2711896598339081, -0.20661437511444092, -0.5468482971191406, 0.29317688941955566, -0.3553999066352844, -0.10414043068885803, -0.6390136480331421, 0.5165376663208008, -0.36154431104660034, -0.17040695250034332, -0.05998387932777405, -0.3283633291721344, 0.3361014127731323, 0.1526051163673401, -0.6199054718017578, 0.6800146102905273, -0.19429996609687805, 0.315793514251709, 0.2411211133003235, 0.6207747459411621, 0.04096817970275879, 0.2767503559589386, 0.45143139362335205, -0.17583195865154266, -0.297250896692276, 0.008625637739896774, -0.23523342609405518, -0.626296877861023, 0.07393878698348999, 0.4256022572517395, -0.488050639629364, 0.3317561745643616, 0.257783979177475, -0.009098514914512634, -0.02654016762971878, 0.22152861952781677, -0.4608663320541382, -0.29198694229125977, -0.14029523730278015, 0.4902784824371338, 0.10859447717666626, -0.9501762390136719, -0.1979500651359558, -0.2212940752506256, 0.7613593339920044, 0.14974623918533325, -0.057163938879966736, -0.38874685764312744, 0.2464464157819748, -0.060617655515670776, 0.7168756723403931, -0.43510451912879944, -0.005025699734687805, 0.18488809466362, 0.2773878574371338, 0.19706961512565613, 0.033916667103767395, 1.0041155815124512, -0.5754556655883789, 0.716411828994751, 0.3454582691192627, 0.3230978548526764, 0.175388365983963, 0.30244848132133484, 0.6046619415283203, -0.5491129159927368, -0.027782171964645386, 0.7479546070098877, 0.30847859382629395, 0.41543179750442505, -0.697132408618927, -0.3394244909286499, 0.18114961683750153, 0.00029161572456359863, -0.04408210515975952, 0.5743106603622437, -0.21322649717330933, 0.18837590515613556, -0.44700175523757935, -0.0793268084526062, -0.720576822757721, 0.5305179953575134, -0.6725865602493286, -0.3101709485054016, 0.18682104349136353, 0.8958858847618103, -0.5220114588737488, -0.610143780708313, 0.1277385950088501, 0.25318893790245056, -0.025614812970161438, -0.4061165452003479, 0.006561880931258202, -0.5744350552558899, -1.0565776824951172, -0.3655383288860321, 0.2834814488887787, 0.416557252407074, -0.6823230385780334, 0.3251168429851532, -0.5042637586593628, 0.08588453382253647, 0.24031786620616913, 0.34165769815444946, 0.614425003528595, -0.5250383615493774, 1.1471493244171143, 0.43192023038864136, 0.13191284239292145, 0.20155300199985504, 0.3121584355831146, -0.6253125667572021, 0.18599969148635864, -0.3862292170524597, -0.654247522354126, 0.8736920356750488, 0.08689188957214355, 0.10383276641368866, -0.0722966343164444, 0.658005952835083, 0.620023250579834, -0.5209410786628723, -0.18849869072437286, 0.032802239060401917, -1.1817545890808105, 0.0696556344628334, -0.6953233480453491, -0.14441311359405518, 0.3492680490016937, -0.44247937202453613, -0.6996213793754578, 0.12200768291950226, -0.16487738490104675, 0.43110865354537964, -0.9420508146286011, -0.019848518073558807, -0.16912934184074402, -0.26950934529304504, 0.2239798754453659, -0.26074546575546265, 0.16406400501728058, 0.7235450744628906, -0.49754273891448975, 0.44932764768600464, 0.46663469076156616, 0.5042226314544678, 0.20121347904205322, -0.3785857558250427, -0.13939732313156128, -0.18627452850341797, 0.08729121834039688, 0.20216980576515198, 0.0439700186252594, -0.24121257662773132, -0.5455470085144043, -0.8927082419395447, 0.20147620141506195, 0.2957609295845032, -0.3546198308467865, 0.3661562204360962, 0.8516296744346619, -0.40712326765060425, -0.5160058736801147, 0.05311889946460724, -0.5539594292640686, 0.1645190417766571, -0.5574185848236084, -0.07273612171411514, -0.5664597153663635, -0.4501672089099884, 0.2926875054836273, -0.22658032178878784, 0.04385299235582352]

词: 是
向量: [0.053745970129966736, -0.003423631191253662, -0.3846924901008606, -0.125699982047081, -0.4027089774608612, 0.13817572593688965, 0.12170718610286713, -0.06987863779067993, 0.49568837881088257, 0.4945695698261261, 0.1839829981327057, -0.32386529445648193, 0.4868159294128418, -0.36414235830307007, 0.47313591837882996, 0.17906442284584045, 0.7323309779167175, -0.23413415253162384, 0.39231646060943604, 0.16507437825202942, 0.21601666510105133, -0.03771926462650299, 0.23450875282287598, 0.2946702539920807, 0.5952454805374146, -0.5193678140640259, -0.37475186586380005, -0.053044676780700684, -0.16326673328876495, -0.15738597512245178, 0.20962035655975342, -0.5525810122489929, 0.42278701066970825, -0.4331483840942383, 0.5933213233947754, 0.22862914204597473, 1.4372503757476807, -0.46910732984542847, -0.16137254238128662, 0.09472835063934326, -0.1518568992614746, -0.5932273864746094, 0.24602313339710236, 0.2947086691856384, -0.1306382119655609, -0.053676068782806396, -0.27204909920692444, 0.43161541223526, 0.3522014319896698, -0.8817448019981384, -0.0872105211019516, 0.8063823580741882, 0.806128203868866, -0.08576440066099167, -0.421347975730896, 0.5487738251686096, 0.6080372333526611, -0.04113684594631195, -0.1843937337398529, 0.0907011330127716, -0.1311621516942978, 0.24158453941345215, 0.4370938539505005, -0.05200180411338806, 0.4150528311729431, 0.4877437949180603, 0.09980350732803345, 0.07218365371227264, -0.2164294421672821, -0.3562238812446594, 0.36214423179626465, 0.06394055485725403, 0.26427528262138367, -0.03690248727798462, 0.7774854302406311, 0.2282494306564331, -0.9834717512130737, 0.09550444036722183, 0.06392497569322586, -1.2866830825805664, 0.018033713102340698, -1.13494873046875, 0.4474688470363617, -0.027339011430740356, -0.10515490174293518, -0.9739500880241394, -0.018247589468955994, -0.6798397302627563, 0.08903402090072632, -0.40722641348838806, 0.5196896195411682, -0.6135052442550659, -0.1494111269712448, -0.049710363149642944, -0.2979529798030853, -0.09180575609207153, 0.364591509103775, -0.8009878396987915, 0.023395337164402008, 0.017832502722740173, 0.4610205888748169, 0.3140110373497009, 0.2253865748643875, 0.1850256770849228, 0.27945032715797424, 0.3711436688899994, -0.5860479474067688, -0.2858516573905945, 0.18994952738285065, -0.16126038134098053, -0.8485488891601562, 0.06857943534851074, 0.5801732540130615, -0.12212786078453064, 0.6261410117149353, 0.5784971714019775, -0.062104277312755585, 0.014857441186904907, -0.13215240836143494, -0.8608056902885437, 0.2226387858390808, -0.8285176753997803, -0.4265636205673218, -0.11659938097000122, -0.16265666484832764, 0.07210007309913635, -0.20845362544059753, -0.08744433522224426, 0.417631596326828, 0.14880454540252686, -0.3481920063495636, 0.2857750952243805, -0.17252962291240692, 0.5125797986984253, -0.3130076229572296, 0.29634207487106323, 0.6837496161460876, 0.39357638359069824, 0.7112830281257629, -0.3608992397785187, 1.0356626510620117, -0.062329232692718506, 0.8346521854400635, 0.19322887063026428, 0.2731781005859375, 0.38970404863357544, 0.6295861601829529, 0.45687544345855713, -0.22135242819786072, -0.5579121112823486, 0.21359214186668396, 0.05579105019569397, 0.7300059199333191, -0.7848241329193115, -0.404183566570282, -0.22157247364521027, -0.06301940977573395, 0.019601717591285706, 0.3221155107021332, -0.9609541296958923, 0.9839605093002319, -0.48281294107437134, 0.24956130981445312, -0.44955477118492126, 0.8683061599731445, -0.3144555687904358, -0.16859468817710876, 0.16853725910186768, 0.49480801820755005, -0.22000965476036072, 0.06492346525192261, 0.03384071961045265, -0.10759162902832031, -0.05829856917262077, -0.8851693868637085, 0.6985845565795898, -0.8701091408729553, -1.4660067558288574, -0.12635013461112976, 0.42132699489593506, 0.895978569984436, -0.9034724235534668, 0.3415214419364929, -0.4682682156562805, 0.5494309663772583, 0.29545801877975464, 0.5055217742919922, 0.3742032051086426, -0.2670460343360901, 0.9604848027229309, 0.6519750952720642, 0.3958706259727478, 0.44028767943382263, 0.1182183176279068, -0.5622599720954895, 0.6171884536743164, 0.2581585943698883, -0.49445751309394836, 0.5156975984573364, -0.15902191400527954, 0.5745775699615479, 0.09202155470848083, 1.0686519145965576, 0.681958794593811, -0.620625913143158, -0.2856944501399994, 0.07464383542537689, -1.0998014211654663, 0.08494935184717178, -0.6672719717025757, -0.25548362731933594, 0.07491093873977661, -0.5411402583122253, -0.9450259208679199, 0.26091837882995605, -0.5608769059181213, -0.03621724247932434, -0.33678025007247925, 0.05661945417523384, -0.5082470774650574, -0.357832670211792, 0.07493436336517334, -0.49156177043914795, -0.5715237259864807, 0.9963768720626831, -0.9482753872871399, 0.61053866147995, 0.21739861369132996, 0.9824515581130981, 0.1296737790107727, -0.5159459114074707, -0.007961412891745567, -0.040491700172424316, 0.21831823885440826, -0.08298680186271667, -0.4943397045135498, -0.024150535464286804, -0.6455363631248474, -1.2012118101119995, -0.03965073823928833, 0.17897388339042664, -0.16494418680667877, 0.009581103920936584, 0.7944837212562561, -0.2189815789461136, -0.45275038480758667, 0.1143660694360733, -1.0626404285430908, 0.43881309032440186, -1.3440241813659668, -0.6573973298072815, -0.5456072688102722, -0.8786324262619019, 0.4427994191646576, -0.3400581479072571, -0.4490486979484558]

词: 人工智能
向量: [-0.05606347322463989, 0.6079196929931641, -0.3317219913005829, -0.057777389883995056, -0.5851457715034485, -0.1833135485649109, 0.06111031770706177, -0.23243862390518188, 0.9146066904067993, 0.8500560522079468, 0.15292209386825562, 0.16561764478683472, 0.11661473661661148, -0.6125719547271729, 0.24444541335105896, 0.19992691278457642, 0.8845129609107971, -0.4888885021209717, 0.2411893606185913, 0.44595882296562195, -0.2989734411239624, -0.08666708320379257, 0.18409398198127747, 0.4078868329524994, 0.877248227596283, -0.593144953250885, -0.45466962456703186, -0.17187945544719696, -0.4678054451942444, -0.30535516142845154, -0.07643216848373413, -0.4076825976371765, 0.13396474719047546, -0.4049849212169647, 0.5388607382774353, -0.16557711362838745, 1.4130624532699585, -0.7299519181251526, 0.006736576557159424, 0.3441260755062103, 0.24828031659126282, -0.8237401247024536, -0.14797689020633698, -0.23704789578914642, -0.4832606911659241, -0.023831576108932495, -0.23698963224887848, 0.12144419550895691, 0.6029642820358276, -1.0857373476028442, 0.2809864580631256, 0.5572184324264526, 0.5740217566490173, -0.4300404489040375, -0.46946096420288086, 0.5903933048248291, 0.5632210373878479, 0.12653037905693054, -0.5886737704277039, -0.08487054705619812, -0.2852972745895386, 0.4152342677116394, 0.183721661567688, -0.2323729395866394, 0.47556859254837036, 0.7092196941375732, 0.261014848947525, 0.27431806921958923, -0.19875279068946838, -0.18549935519695282, -0.026835501194000244, -0.07082925736904144, -0.02448388934135437, -0.04338192939758301, 0.21082252264022827, 0.11983521282672882, -1.0763483047485352, 0.08986891061067581, 0.07415173947811127, -1.2551580667495728, 0.08661161363124847, -1.3470518589019775, 0.7278646230697632, -0.049035824835300446, -0.19415035843849182, -0.7127000093460083, -0.2899192273616791, -0.8835923671722412, 0.5580079555511475, -0.6277400255203247, 0.6201674342155457, -0.23136579990386963, -0.01821276545524597, -0.04582950472831726, 0.06996108591556549, 0.19481071829795837, 0.2617400884628296, -0.962026834487915, 0.43511900305747986, 0.08214757591485977, 0.8238097429275513, 0.2195611596107483, 0.5540766716003418, 0.03987473249435425, 0.29881930351257324, 0.5249965786933899, -0.30291682481765747, -0.37696999311447144, 0.25561100244522095, -0.043852247297763824, -0.926590085029602, 0.11447933316230774, 0.6014413237571716, -0.3238305151462555, 0.5681449174880981, 0.46222639083862305, -0.2904728055000305, -0.23764151334762573, -0.029424987733364105, -0.5363715887069702, -0.09464259445667267, -0.2886504530906677, 0.0003571808338165283, 0.030627042055130005, -0.5767128467559814, -0.08693519234657288, -0.31258314847946167, 0.46941232681274414, -0.2118501365184784, 0.3077310025691986, -0.8083536624908447, 0.3804242014884949, -0.1631876677274704, 0.6880171298980713, -0.4145454168319702, 0.15874215960502625, 0.5221644639968872, 0.5154625773429871, 0.5941458940505981, 0.2576073110103607, 0.6253741979598999, -0.600897490978241, 0.4165579080581665, 0.27277687191963196, 0.3749048113822937, -0.6283121109008789, 0.07046625018119812, 0.9117330312728882, -0.5141333341598511, -0.4441267251968384, 0.8056473731994629, 0.1520344316959381, 0.6634894013404846, -0.8100906610488892, 0.11547036468982697, 0.2512778639793396, -0.24519294500350952, -0.36774519085884094, 0.3604198396205902, -0.5692529678344727, 0.6747268438339233, -0.2268158495426178, 0.3629106283187866, -0.8315765857696533, 0.6034809350967407, -1.2479488849639893, -0.4156773090362549, 0.4628073573112488, 1.277050256729126, -0.3692813515663147, -0.22083230316638947, -0.16703566908836365, -0.021838635206222534, -0.12843167781829834, -0.4144660532474518, 0.32901376485824585, -0.3334147334098816, -1.3243021965026855, -0.15132546424865723, 0.2541656494140625, 0.514630913734436, -1.0517566204071045, 0.6720935106277466, -0.3419117331504822, 0.17183560132980347, -0.05421671271324158, 0.27866095304489136, 0.688286304473877, -0.44206154346466064, 1.0777522325515747, 0.2730417549610138, 0.3459600806236267, 0.30673328042030334, 0.2674708068370819, -0.3100387752056122, 0.7866206765174866, 0.12582211196422577, -0.4368419051170349, 0.5535626411437988, 0.2830212116241455, -0.18337082862854004, -0.1981731504201889, 0.5546618700027466, 0.28891879320144653, -1.0370137691497803, -0.3119708299636841, -0.14318227767944336, -1.4039043188095093, 0.15618294477462769, -0.7447971701622009, 0.18092717230319977, -0.36494213342666626, -0.24982859194278717, -0.6433053016662598, 0.008389890193939209, 0.007352694869041443, 0.4536486566066742, -1.095358967781067, -0.08015452325344086, -0.3662891685962677, 0.23558573424816132, -0.18130382895469666, 0.06256864219903946, 0.03332094848155975, 0.6847977042198181, -0.3583323359489441, 0.600341796875, 0.341097891330719, 1.0293526649475098, -0.1962520182132721, -0.3753604590892792, -0.4789900779724121, -0.21602389216423035, 0.24983006715774536, 0.31590473651885986, -0.016496852040290833, -0.014353901147842407, -0.4969785213470459, -1.0163569450378418, 0.31494396924972534, 0.0030646175146102905, -0.5032553672790527, 0.23539912700653076, 0.47071829438209534, -0.5204631090164185, -0.8700011968612671, 0.08181893080472946, -0.38840264081954956, -0.07923611253499985, -0.9228652715682983, 0.3514174818992615, -0.5922310948371887, -0.7880688905715942, 0.13200300931930542, -0.1772395670413971, -0.045434847474098206]

词: 的
向量: [0.32129132747650146, 0.742135763168335, -0.2885628044605255, 0.09111076593399048, -0.5691652297973633, 0.3776895999908447, 0.041477032005786896, -0.19091039896011353, 0.774621844291687, 0.5427948236465454, 0.17834654450416565, -0.005200058221817017, 0.12330320477485657, -0.7328374981880188, 0.11087755858898163, 0.4109005033969879, 0.8068674206733704, -0.2968103289604187, 0.1881076693534851, 0.4521264433860779, -0.1487225592136383, -0.05729231238365173, 0.038840532302856445, 0.7787244319915771, 0.3481757938861847, -0.6346338391304016, -0.03496062755584717, -0.2110011726617813, -0.599515974521637, -0.09662796556949615, -0.10947415232658386, -0.32325392961502075, -0.052546530961990356, -0.5007834434509277, 0.11693142354488373, -0.33760982751846313, 1.3982865810394287, -0.5760982036590576, -0.24888858199119568, 0.3614833950996399, 0.42549559473991394, -0.7743978500366211, -0.15219572186470032, -0.04005037248134613, -0.06558972597122192, 0.20125196874141693, -0.3298472762107849, 0.06360559165477753, 0.11139918863773346, -0.8238664865493774, 0.41777628660202026, 0.25162947177886963, 0.6528221964836121, -0.3921024203300476, -0.6643710732460022, 0.22080886363983154, 0.5513786673545837, -0.0391923189163208, -0.6289812922477722, 0.10147159546613693, 0.05504336580634117, 0.03470909595489502, 0.42717447876930237, -0.52138751745224, 0.10859701037406921, 0.8006925582885742, 0.4349187910556793, 0.12917441129684448, -0.3379075527191162, -0.45862865447998047, 0.22086498141288757, -0.3459988832473755, 0.06953537464141846, -0.13778142631053925, 0.27271974086761475, 0.012185586616396904, -0.5355323553085327, 0.2981867790222168, 0.3081609904766083, -1.4620856046676636, 0.23913420736789703, -1.0041050910949707, 0.33910542726516724, 0.1244875118136406, -0.1715867519378662, -0.42017558217048645, -0.02094632387161255, -0.8817969560623169, 0.14606720209121704, -0.9923332929611206, 0.20157097280025482, -0.19653081893920898, -0.4051491618156433, 0.1063385009765625, 0.028611406683921814, 0.41483208537101746, 0.3426286280155182, -0.8075956106185913, 0.10906057059764862, -0.12851360440254211, 0.6628770232200623, 0.24391645193099976, 0.5571151971817017, 0.13254761695861816, 0.17383556067943573, 0.6976824998855591, -0.35845568776130676, -0.362210214138031, 0.26156994700431824, 0.14559975266456604, -0.5138115286827087, 0.36538034677505493, 0.44952425360679626, -0.4126577377319336, 0.5741928815841675, 0.32124650478363037, -0.28585976362228394, -0.35939162969589233, 0.1649174988269806, -0.4565765857696533, -0.355515718460083, -0.40287789702415466, 0.1898624747991562, 0.1411750465631485, -0.5823068618774414, -0.4229883551597595, -0.5425965189933777, 0.7724965810775757, 0.1310121715068817, 0.43031764030456543, -0.4981909990310669, 0.3918752670288086, 0.0020296573638916016, 0.4864861071109772, -0.3336412310600281, -0.03820786625146866, -0.07394622266292572, 0.08128596842288971, 0.5447053909301758, 0.1521483063697815, 0.6311938166618347, -0.7660396099090576, 0.399955689907074, 0.4240385890007019, 0.34850072860717773, 0.025430142879486084, 0.12923632562160492, 0.5897988080978394, -0.1467686891555786, -0.31840208172798157, 0.745686411857605, 0.648145318031311, 0.3415101170539856, -0.7362406253814697, 0.49379298090934753, 0.16646352410316467, -0.5313035249710083, -0.05027647316455841, 0.48345550894737244, -0.3753424286842346, 0.2939944863319397, 0.046375662088394165, 0.05102284997701645, -0.866462767124176, 0.6398156881332397, -1.1039797067642212, -0.42090660333633423, -0.1144561767578125, 1.301314115524292, -0.25375598669052124, -0.18444541096687317, -0.15121379494667053, 0.07935561239719391, 0.35270631313323975, -0.5377835035324097, 0.08899987488985062, -0.6807006001472473, -0.4902770221233368, 0.07821068167686462, -0.13884855806827545, 0.8159972429275513, -0.8616657257080078, 0.2945389747619629, -0.432896226644516, -0.09333831816911697, -0.10196162015199661, -0.08628344535827637, 0.5993631482124329, -0.0837417021393776, 0.47555118799209595, 0.3056347668170929, -0.010976165533065796, 0.24559727311134338, 0.2689255475997925, -0.00935228168964386, 0.8259158134460449, -0.11132550239562988, -0.5614752769470215, 0.872718334197998, 0.5003983974456787, 0.0125093013048172, -0.06406766921281815, 0.5020914673805237, 0.06025119870901108, -0.6448042392730713, -0.16361303627490997, 0.1534254252910614, -1.4060654640197754, 0.2144046127796173, -0.5358988046646118, 0.05354061722755432, -0.12974348664283752, -0.22222155332565308, -0.4422782063484192, 0.23969894647598267, -0.3197788596153259, 0.10095569491386414, -1.0597267150878906, -0.3849707841873169, -0.16397032141685486, -0.21587538719177246, 0.047544509172439575, -0.15375418961048126, 0.3089573383331299, 0.8850640058517456, -0.4353729784488678, 0.17099612951278687, 0.07492153346538544, 0.8110654354095459, -0.1307906210422516, -0.07188881188631058, -0.42900556325912476, -0.3150271475315094, 0.3238183259963989, 0.27580660581588745, 0.04570292308926582, 0.07829588651657104, -0.1611669957637787, -0.5953648686408997, 0.62462317943573, 0.0868484303355217, -0.6717373132705688, 0.24228864908218384, 0.40997207164764404, -0.4487406015396118, -0.8816306591033936, 0.3023689389228821, -0.4131123423576355, -0.48215019702911377, -0.8115059733390808, 0.23052604496479034, -0.47927236557006836, -0.5508838891983032, -0.08269716054201126, -0.4427259564399719, 0.11607800424098969]

词: 重要
向量: [-0.08841244876384735, 0.339363694190979, -0.3223799467086792, -0.043376654386520386, -0.7100232839584351, -0.12439179420471191, 0.23549175262451172, -0.478419691324234, 0.6135376691818237, 0.6504001021385193, 0.21646252274513245, -0.10573479533195496, 0.20494504272937775, -0.7713496088981628, 0.1489240527153015, 0.5247054100036621, 0.8296581506729126, -0.5345571041107178, 0.17650361359119415, 0.41972070932388306, -0.33866196870803833, -0.5166196823120117, -0.015688076615333557, 0.5921510457992554, 0.5326409935951233, -0.5579591989517212, -0.33243492245674133, -0.3060711920261383, -0.5600999593734741, -0.2374832034111023, 0.2822510600090027, -0.2903158962726593, -0.08459305018186569, -0.6632781028747559, 0.8665886521339417, -0.4154629707336426, 1.6539583206176758, -0.6484540700912476, -0.02648540586233139, 0.5904269218444824, 0.40985846519470215, -0.4919080138206482, -0.36354151368141174, -0.058450549840927124, -0.40657877922058105, -0.15319493412971497, -0.10404722392559052, -0.08830277621746063, 0.4000053107738495, -1.0064464807510376, 0.6323726177215576, 0.38111981749534607, 0.10144764930009842, -0.21281206607818604, -0.4507875442504883, 0.4518694281578064, 0.47557875514030457, -0.21839898824691772, -0.8858056664466858, -0.24220505356788635, -0.15871292352676392, 0.04211218282580376, -0.01657290756702423, -0.457938015460968, 0.37661680579185486, 0.8957380652427673, 0.6142421364784241, 0.3348318934440613, -0.5590530633926392, -0.07973366975784302, -0.11616826057434082, 0.10242214798927307, 0.20248296856880188, 0.1637134552001953, -0.273389607667923, -0.2218921035528183, -0.9577434062957764, 0.3740721046924591, 0.08310440182685852, -1.2456170320510864, 0.3595532178878784, -1.5388858318328857, 0.2517690658569336, 0.012651164084672928, 0.1875150203704834, -0.3964557945728302, -0.23287850618362427, -0.41483715176582336, 0.36686810851097107, -0.899234414100647, 0.40836435556411743, 0.0200616717338562, -0.1878647655248642, 0.3564639091491699, -0.1556718498468399, 0.8078188896179199, 0.33512431383132935, -0.7409164905548096, 0.37772423028945923, -0.181317999958992, 1.0853309631347656, -0.1858443021774292, 0.7679043412208557, 0.14343664050102234, -0.03101159632205963, 0.43622255325317383, -0.03924362361431122, -0.2490556836128235, 0.2185383439064026, 0.5654350519180298, -0.9704431295394897, 0.4686950147151947, 0.6156900525093079, -0.6864027976989746, 0.36965441703796387, 0.33117514848709106, -0.17624486982822418, -0.07937126606702805, 0.641818642616272, -0.6174444556236267, -0.34666764736175537, 0.13202211260795593, 0.35122403502464294, 0.17478002607822418, -0.926413893699646, 0.05598737299442291, -0.4051778316497803, 0.7449350357055664, -0.3207322061061859, 0.14903949201107025, -1.0891934633255005, 0.43008583784103394, -0.13430453836917877, 0.5066176652908325, -0.33885377645492554, 0.44309327006340027, -0.08131414651870728, 0.27067118883132935, 1.0135481357574463, -0.025734439492225647, 0.1961040496826172, -0.886233389377594, 0.20419810712337494, 0.2369595170021057, 0.36731716990470886, -0.27555274963378906, -0.23222112655639648, 0.8199074864387512, -0.3346366882324219, -0.6602505445480347, 0.6472243070602417, 0.07432834804058075, 0.4947759807109833, -0.3676466643810272, 0.19879941642284393, 0.3445872366428375, -0.151744544506073, -0.2522277534008026, 0.4974665641784668, -0.38585466146469116, 0.31018269062042236, 0.1656697541475296, 0.35037583112716675, -1.3090503215789795, 0.4816681444644928, -1.3253347873687744, -0.3393312394618988, 0.7205348014831543, 1.0626301765441895, -0.3460848927497864, -0.053603678941726685, -0.11639023572206497, -0.21841388940811157, -0.18852314352989197, -0.04326987266540527, 0.3317874073982239, -0.6075478792190552, -0.8237011432647705, 0.31541189551353455, -0.10995332896709442, 0.2404172420501709, -0.8048900961875916, 0.405852735042572, -0.2583005428314209, -0.5039163827896118, -0.005589962005615234, -0.06711940467357635, 0.5749106407165527, -0.30690813064575195, 0.5408412218093872, -0.005498528480529785, -0.11450407654047012, 0.07072979211807251, 0.15025117993354797, 0.25163355469703674, 1.1533347368240356, -0.1663341522216797, -0.411140501499176, 0.06719493865966797, 0.6815036535263062, -0.25251835584640503, -0.10177485644817352, 0.35141807794570923, -0.25746259093284607, -1.0829906463623047, 0.17811867594718933, -0.3325745463371277, -1.3605849742889404, 0.29968130588531494, -1.2003893852233887, 0.3324633240699768, -0.318517804145813, 0.34870725870132446, -0.5528578758239746, 0.17609629034996033, 0.09440828114748001, 0.6329144239425659, -1.4655102491378784, -0.47331884503364563, -0.23066167533397675, 0.12577703595161438, -0.20640943944454193, 0.2506556510925293, 0.12345016002655029, 0.5609540939331055, -0.39807942509651184, 0.5908123254776001, 0.39319589734077454, 1.5894300937652588, -0.31619247794151306, -0.40796011686325073, -0.6925884485244751, -1.0316407680511475, 0.32633137702941895, 0.6938166618347168, 0.09378627687692642, -0.2518232464790344, -0.19703514873981476, -0.8969566822052002, 0.7490646243095398, 0.3513214588165283, -0.987724781036377, -0.02844332344830036, 0.08251550793647766, -0.6541036367416382, -0.48134008049964905, 0.8589301109313965, 0.015321440994739532, -0.383359432220459, -0.23909106850624084, 0.4942411780357361, -0.28399360179901123, -0.6680970788002014, -0.19417670369148254, -0.20416401326656342, -0.12992484867572784]

词: 分支
向量: [-0.288205623626709, 0.5979833602905273, -0.13621728122234344, -0.04966404289007187, -0.4069227874279022, -0.1366022378206253, 0.19281238317489624, -0.382027268409729, 0.6433757543563843, 0.791390061378479, 0.061106450855731964, 0.19658473134040833, 0.27922743558883667, -0.7767948508262634, 0.01423981785774231, 0.3589644432067871, 0.5829878449440002, -0.6984623670578003, 0.08445075154304504, 0.3940016031265259, -0.44513899087905884, -0.11971132457256317, 0.4115552306175232, 0.4271354675292969, 0.8192518353462219, -0.9735147953033447, -0.4583483338356018, -0.30637797713279724, -0.46007442474365234, -0.2918693423271179, 0.06614619493484497, -0.3323274254798889, -0.003325190395116806, -0.45371606945991516, 0.5074794292449951, -0.507030725479126, 1.5635895729064941, -0.7764604687690735, 0.08646278083324432, 0.5894370675086975, 0.5025624632835388, -0.7470546960830688, -0.21099022030830383, -0.41959863901138306, -0.17622777819633484, 0.03323834016919136, -0.1418101191520691, -0.1589113473892212, 0.541020393371582, -0.9846513867378235, 0.5200325846672058, 0.41762882471084595, 0.47363778948783875, -0.2965528070926666, -0.370100200176239, 0.5822780728340149, 0.41281163692474365, 0.08136503398418427, -0.3865486681461334, -0.19156289100646973, -0.10612034797668457, 0.22928032279014587, -0.025343582034111023, -0.28655263781547546, 0.6144057512283325, 0.8299054503440857, 0.41326358914375305, 0.6164476275444031, -0.5675613284111023, -0.16209851205348969, 0.00046133995056152344, -0.2808726727962494, 0.22979694604873657, 0.06419491767883301, 0.00349251925945282, -0.22093746066093445, -0.7409780621528625, 0.11709409952163696, 0.03891192376613617, -0.9568058252334595, 0.40268009901046753, -1.2592217922210693, 0.5091028809547424, 0.0750974789261818, -0.1878625750541687, -0.9933511018753052, -0.07661977410316467, -0.24662810564041138, 0.8507689237594604, -0.9581919312477112, 0.19973723590373993, -0.2472795844078064, -0.3322440981864929, 0.06391903758049011, -0.00010329484939575195, 0.3692909777164459, 0.5098181962966919, -1.0911073684692383, 0.6045570969581604, -0.2632450461387634, 1.1353530883789062, 0.253413587808609, 0.49772554636001587, -0.005754359066486359, 0.18017777800559998, 0.5012311935424805, -0.2698894143104553, -0.3749377727508545, 0.1256016492843628, 0.07959645986557007, -1.0876471996307373, 0.297970175743103, 0.3284440338611603, -0.37074053287506104, 0.7746314406394958, 0.5431066751480103, -0.15292328596115112, -0.06113380566239357, 0.29101768136024475, -0.6334764361381531, -0.3236048221588135, -0.16823053359985352, 0.00850292481482029, 0.005398184061050415, -1.2197076082229614, 0.10331937670707703, -0.14209392666816711, 0.3758116364479065, -0.3678886890411377, 0.30126988887786865, -0.6040839552879333, 0.3974066972732544, -0.3809387981891632, 0.20385047793388367, -0.331820547580719, 0.584284782409668, 0.20668113231658936, 0.48543065786361694, 0.8372806906700134, 0.10823655128479004, 0.726958155632019, -0.8974590301513672, 0.40247637033462524, -0.13089141249656677, 0.34272998571395874, -0.1927010416984558, -0.21242442727088928, 0.27884751558303833, -0.42027175426483154, -0.011364966630935669, 0.7634630799293518, 0.1591661125421524, 0.11881004273891449, -0.3494657576084137, 0.0041473060846328735, 0.14257198572158813, 0.3110828399658203, -0.531924307346344, -0.024162104353308678, 0.028367288410663605, 0.1444212943315506, 0.021626420319080353, -0.2060115933418274, -1.2747392654418945, 0.27749747037887573, -0.960038423538208, -0.20335683226585388, 0.4701160788536072, 0.7755960822105408, -1.0197453498840332, 0.023753300309181213, 0.09817560017108917, 0.07987620681524277, -0.08810549974441528, -0.023746073246002197, 0.3438648581504822, -0.48599952459335327, -0.6345707178115845, 0.4257268011569977, 0.04652483016252518, 0.8323030471801758, -0.6093605160713196, -0.3136575222015381, 0.2605705261230469, -0.37707680463790894, 0.007516227662563324, 0.3521011173725128, 0.6140686273574829, -0.6490036249160767, 1.070910930633545, -0.04733535647392273, 0.051977649331092834, -0.08817332983016968, 0.34278440475463867, 0.4504343867301941, 0.5443115830421448, 0.24540936946868896, -0.18362659215927124, -0.14659535884857178, 0.7499469518661499, -0.03353755921125412, 0.08320903778076172, 0.7916930913925171, 0.01614072173833847, -0.5022762417793274, -0.2034420371055603, -0.20672725141048431, -0.8126020431518555, -0.3528180420398712, -0.19057531654834747, 0.6156425476074219, -0.48975619673728943, 0.09190085530281067, -0.4213460087776184, -0.14262264966964722, 0.31187984347343445, 0.82033771276474, -1.4775428771972656, -0.9448128938674927, -0.7630301713943481, -0.1742134988307953, -0.09046860039234161, 0.3564067780971527, 0.0034316331148147583, 0.6100724935531616, -0.7244284749031067, 0.4669189751148224, 0.15337875485420227, 0.6917080879211426, -0.02127590775489807, -0.5974922180175781, -0.03727291524410248, -0.5937875509262085, -0.0009588152170181274, 0.21253608167171478, 0.07490772753953934, 0.06332765519618988, 0.1806129515171051, -0.889446496963501, 0.4890501797199249, -0.548859715461731, -0.2790360152721405, 0.49846720695495605, 0.02263335883617401, -0.04185234010219574, -0.4771704077720642, 0.1817275732755661, -0.02592165581882, -0.22605355083942413, -0.4912456274032593, 0.3692821264266968, -0.4522196352481842, -0.3894217908382416, -0.19360946118831635, -0.050987258553504944, -0.2996549606323242]

